Date:2024-05-08 14:36:15.331522 Share price :150 ,Ticker symbol :XYZ
Date:2024-05-08 14:38:52.699212 Share price :None ,Ticker symbol :xyz
Date:2024-05-08 14:39:07.335139 Share price :150 ,Ticker symbol :XYZ
